-0.19	-0.04	-0.09	83.83	-28.98	79.55
-0.14	-0.05	-0.09	84.05	-28.91	79.57
-0.10	0.06	-0.08	84.27	-28.82	79.62
-0.15	0.08	0.02	84.43	-28.77	79.68
-0.11	0.04	0.14	84.70	-28.69	79.77
-0.07	0.04	0.14	85.00	-28.65	79.85
-0.06	0.07	0.22	85.15	-28.63	79.87
0.06	0.23	0.26	85.34	-28.61	79.89
0.07	0.26	0.25	85.73	-28.54	79.89
-0.12	0.25	0.29	85.82	-28.52	79.87
-0.18	0.33	0.31	86.08	-28.42	79.81
-0.13	0.32	0.38	86.35	-28.29	79.74
-0.11	0.23	0.41	86.47	-28.23	79.70
-0.17	0.12	0.34	86.78	-28.10	79.56
-0.07	-0.15	0.28	87.12	-27.97	79.34
0.07	-0.31	0.19	87.50	-27.83	79.04
0.17	-0.39	0.14	87.98	-27.66	78.62
0.24	-0.32	0.05	88.30	-27.53	78.36
0.16	-0.09	-0.03	88.68	-27.33	78.05
0.25	0.13	-0.02	88.98	-27.16	77.81
0.27	0.59	0.03	89.13	-27.06	77.68
0.07	0.98	0.09	89.25	-27.01	77.51
-0.09	1.18	0.11	89.29	-27.05	77.39
-0.24	1.20	0.04	89.21	-27.18	77.32
-0.10	1.18	0.09	89.06	-27.38	77.29
0.12	1.25	0.27	88.74	-27.74	77.29
0.05	1.54	0.47	88.46	-28.11	77.20
-0.05	1.69	0.62	88.09	-28.66	76.99
-0.07	1.67	0.73	87.86	-29.01	76.85
-0.08	1.64	0.79	87.47	-29.56	76.67
0.20	1.54	1.17	87.33	-29.76	76.62
0.43	1.48	1.49	86.87	-30.42	76.46
0.43	1.20	1.80	86.56	-30.95	76.26
0.48	0.73	1.63	85.95	-32.27	75.53
0.37	0.73	1.57	85.25	-33.90	74.46
0.86	0.65	1.74	84.85	-34.83	73.77
1.02	0.45	1.74	84.51	-35.68	73.11
0.58	0.54	1.39	83.83	-37.56	71.49
-0.32	1.39	0.59	83.31	-39.20	69.99
-0.61	1.54	0.51	82.81	-40.88	68.41
-0.37	0.59	-0.19	81.98	-43.26	66.14
-0.74	0.31	-1.28	80.76	-45.63	64.29
-0.78	0.32	-1.77	79.11	-48.00	63.09
-1.04	-0.03	-2.40	78.22	-49.12	62.71
-1.14	-0.37	-2.98	77.28	-50.18	62.46
-1.71	0.12	-4.21	76.06	-51.36	62.42
-1.84	0.04	-3.85	74.30	-52.64	62.99
-1.72	0.61	-3.10	72.37	-53.70	64.21
-1.35	0.97	-2.20	70.85	-54.49	65.38
-1.48	-0.62	-0.42	68.52	-56.28	65.90
1.95	-2.07	1.18	67.61	-57.18	65.55
0.64	-1.86	1.52	66.34	-59.01	64.28
1.04	-0.34	1.70	65.11	-60.12	63.77
0.40	1.19	1.97	63.73	-61.36	63.45
0.52	-0.49	2.89	61.37	-63.01	63.53
-0.30	-0.27	0.08	55.99	-65.93	64.84
-1.68	-0.46	0.49	52.84	-67.37	66.33
-2.43	-0.99	-0.61	47.99	-69.04	69.19
-2.23	-1.18	-1.21	43.49	-70.47	71.52
-1.83	-1.03	-1.64	40.56	-71.28	72.94
-0.96	-0.61	-2.37	38.05	-71.83	74.20
-0.99	-0.15	-2.72	35.99	-72.04	75.13
-1.17	0.25	-2.80	35.54	-71.82	75.13
-1.26	0.43	-2.67	35.59	-71.53	74.93
-0.23	0.29	-2.02	35.78	-71.08	74.68
0.80	0.38	-2.08	35.83	-70.35	74.64
1.20	0.59	-2.13	35.81	-69.78	74.85
1.14	0.60	-2.22	36.09	-69.02	75.07
0.57	0.50	-2.49	36.25	-68.76	75.14
0.50	0.02	-2.82	36.65	-68.10	75.39
0.90	-0.57	-3.80	36.45	-67.38	76.50
0.84	-0.96	-4.43	35.36	-66.79	78.40
-0.21	-0.94	-5.66	34.06	-66.12	80.60
-0.21	0.06	-6.30	31.71	-64.36	85.04
-0.80	1.22	-6.28	29.57	-62.06	89.47
-1.70	1.75	-6.28	28.35	-60.26	92.32
-1.98	1.97	-6.14	26.70	-55.28	98.35
-3.05	3.73	-5.93	26.62	-52.70	100.79
-4.66	5.31	-5.03	28.00	-46.54	105.46
-6.93	6.15	-5.26	31.56	-39.54	109.54
-7.84	8.07	-6.55	37.04	-32.35	113.19
-9.42	8.95	-6.95	48.43	-23.52	118.00
-9.36	8.57	-5.69	52.99	-21.85	119.13
-8.13	7.43	-4.58	71.85	-21.92	120.35
-8.05	6.70	-4.17	84.37	-25.46	118.56
-10.30	6.66	-2.99	99.78	-30.55	114.51
-12.98	7.00	-2.78	115.17	-34.95	109.35
-13.93	6.80	-1.28	139.24	-39.48	99.07
-15.04	7.20	0.34	149.82	-40.52	94.02
-16.09	5.20	1.04	170.78	-40.23	82.79
-15.18	-1.22	8.48	-166.07	-37.38	69.09
-11.60	-3.15	8.41	-145.69	-33.26	57.49
-9.41	-2.00	5.87	-141.13	-32.70	55.93
-6.37	-0.30	3.86	-139.58	-33.55	56.93
-4.43	-0.56	1.49	-140.18	-34.17	58.02
-3.14	0.36	-0.07	-141.84	-34.72	59.49
-1.89	1.03	-1.11	-143.51	-34.96	60.78
-1.17	1.10	-1.66	-144.79	-35.10	61.67
-0.01	1.06	-2.04	-146.18	-35.29	62.55
0.82	1.14	-2.17	-148.45	-35.61	64.11
0.99	1.25	-2.18	-149.85	-35.84	65.03
0.94	1.12	-1.74	-151.31	-36.10	66.16
0.77	0.50	-1.21	-152.73	-36.40	67.34
0.68	0.26	-0.72	-154.12	-36.75	68.47
0.55	0.17	-0.49	-154.97	-36.98	69.19
0.21	-0.09	-0.36	-156.05	-37.23	70.04
0.22	0.11	-0.13	-157.63	-37.57	71.13
-0.23	-0.34	0.09	-159.42	-37.87	72.25
0.08	-0.73	-0.06	-163.41	-38.51	74.30
-0.11	-0.43	-0.34	-166.54	-38.99	75.87
-0.20	0.29	-0.19	-168.76	-39.33	77.13
0.02	0.51	0.32	-172.65	-39.87	79.50
0.47	-0.16	0.62	-175.99	-40.16	81.29
0.94	-0.33	0.42	-178.38	-40.27	82.30
0.61	-0.43	0.25	179.07	-40.30	83.25
0.84	-0.50	-0.07	176.66	-40.25	84.06
1.07	-0.06	-0.26	174.18	-40.11	85.19
1.46	0.05	-0.66	172.38	-39.99	86.10
1.52	0.07	-0.68	169.65	-39.76	87.39
1.60	0.07	-0.96	168.98	-39.63	87.69
1.76	-0.19	-1.14	167.74	-39.40	88.23
1.86	-0.48	-0.71	165.95	-39.15	88.92
2.06	-0.68	-0.55	163.89	-38.98	89.74
2.23	-0.91	-0.61	162.44	-38.88	90.36
2.04	-0.99	-0.90	160.77	-38.81	91.08
1.66	-0.75	-1.20	159.85	-38.76	91.50
1.31	-0.68	-1.01	158.70	-38.76	92.05
1.39	-0.75	-0.71	157.71	-38.75	92.46
1.38	-0.70	-0.37	157.21	-38.74	92.64
1.27	-0.55	-0.29	156.36	-38.72	92.88
0.85	-0.40	-0.35	155.97	-38.70	92.98
0.35	-0.31	-0.41	155.33	-38.69	93.17
0.19	-0.30	-0.27	155.01	-38.69	93.29
-0.14	-0.45	0.20	154.67	-38.72	93.41
-0.54	-0.20	0.62	153.69	-38.83	93.82
-0.74	-0.04	0.95	152.71	-38.90	94.26
-1.05	-0.03	1.08	151.53	-38.94	94.74
-1.32	-0.07	0.86	150.65	-38.92	95.02
-1.43	0.01	0.85	149.97	-38.86	95.22
-1.29	0.57	0.73	148.98	-38.70	95.49
-0.89	0.54	0.50	146.78	-38.28	96.00
-0.84	0.34	-0.09	142.57	-37.21	96.17
-0.84	0.22	-0.71	140.57	-36.68	95.99
-0.66	0.09	-1.00	137.02	-35.93	95.55
-0.48	-0.08	-1.03	135.57	-35.58	95.29
-0.24	0.12	-0.87	134.11	-35.25	95.04
-0.16	0.59	-0.98	132.27	-34.82	94.76
