-0.47	1.68	0.24	23.04	3.20	1.69
-0.94	1.94	0.24	22.97	3.69	1.26
-1.58	2.09	-0.21	23.17	4.29	0.86
-2.04	2.16	0.03	23.85	5.02	0.42
-2.03	0.96	0.32	25.07	5.98	0.07
-2.17	0.72	1.40	26.48	6.85	-0.17
-2.63	-0.05	1.23	28.17	7.67	-0.19
-2.93	0.96	1.19	30.32	8.11	0.43
-2.87	0.07	1.29	32.72	7.82	1.56
-2.29	0.05	0.39	35.38	6.87	2.73
-1.21	-0.04	-0.76	38.79	5.35	4.19
-0.88	-0.45	-1.99	42.70	3.82	5.55
-1.29	-0.64	-1.18	47.11	2.43	6.45
-0.04	-2.04	0.61	51.74	1.25	6.60
1.47	-1.73	-0.16	55.22	-0.06	6.15
1.52	-0.24	-1.12	57.64	-1.19	5.98
-0.43	-0.03	-1.07	60.38	-2.34	6.09
-0.05	-1.94	-0.69	63.57	-3.63	5.72
0.44	-1.82	-0.11	64.96	-4.55	4.90
0.21	-1.38	0.02	66.81	-6.17	3.68
-0.09	0.07	-0.78	67.31	-6.51	3.52
-0.01	0.20	-0.96	68.54	-7.07	3.26
-0.30	0.22	-1.08	70.13	-7.57	2.80
0.23	-1.32	-0.46	71.65	-7.95	1.91
1.38	-3.11	0.20	73.43	-8.47	0.31
1.02	-2.86	-0.26	74.99	-8.77	-1.09
1.18	-3.44	-0.26	75.67	-8.74	-1.54
1.36	-3.60	-0.10	76.10	-8.68	-1.80
1.58	-3.33	-0.30	76.63	-8.54	-2.09
1.40	-3.52	-0.57	76.74	-8.31	-2.14
2.11	-4.55	0.13	76.32	-8.09	-2.27
2.40	-4.32	-0.27	75.60	-7.86	-2.42
1.23	-3.02	-0.67	74.08	-7.36	-2.23
1.39	-1.96	0.19	72.04	-6.69	-1.75
0.36	-1.45	-0.61	69.75	-6.09	-1.30
-0.39	-3.10	1.75	67.98	-5.75	-1.09
-0.41	-1.35	-0.67	65.48	-5.36	-1.00
-1.22	0.71	-1.53	60.97	-4.57	-0.66
-1.02	1.35	-2.05	54.52	-1.97	0.59
-1.01	-1.08	-1.12	50.30	-0.64	0.23
-0.88	-2.35	0.54	45.43	0.13	-1.53
-1.52	-0.86	-0.67	42.28	0.34	-2.84
-1.87	0.22	0.71	36.17	1.14	-4.24
-2.75	1.11	0.91	34.25	1.64	-4.22
-3.43	2.06	0.10	31.32	2.38	-4.03
-2.39	1.22	-1.39	28.45	2.74	-4.13
0.20	-0.63	0.19	26.15	2.27	-4.71
-0.30	0.02	-0.92	23.84	1.28	-5.38
-0.52	1.19	-1.50	21.91	1.02	-5.18
-0.56	0.79	-1.37	19.47	1.49	-4.94
-0.48	0.18	-0.48	17.28	2.20	-5.51
-0.55	-0.33	0.21	16.30	2.54	-5.93
-0.07	-1.00	0.61	15.23	2.88	-6.31
-0.22	-0.05	-0.30	13.87	3.26	-6.52
-1.29	1.54	0.28	12.36	3.76	-6.37
-1.49	0.95	0.64	10.20	4.76	-6.30
-0.48	-0.16	1.11	8.21	5.53	-6.87
-1.08	0.63	0.79	7.12	5.78	-7.27
-1.39	1.79	0.09	5.97	6.07	-7.27
-1.12	1.60	0.59	4.98	6.27	-7.07
-0.59	0.90	0.83	4.19	6.47	-7.19
-0.59	0.29	0.95	3.81	6.67	-7.38
-0.90	0.68	0.61	3.84	6.93	-7.27
-0.94	0.46	0.45	3.99	7.18	-7.03
-0.82	0.66	0.13	4.32	7.29	-6.74
-0.55	0.66	0.06	4.89	7.22	-6.62
-0.52	0.79	0.03	5.41	7.24	-6.52
-0.66	1.11	-0.17	5.64	7.29	-6.43
-1.39	1.44	-0.29	6.69	7.64	-5.93
-2.28	0.55	0.32	8.28	8.32	-5.12
-2.68	1.75	-0.44	9.47	8.75	-4.60
-2.32	1.79	-1.10	13.07	9.30	-3.41
-0.86	0.43	0.10	16.01	8.89	-3.05
-0.27	-1.33	-1.02	19.74	7.88	-3.49
1.29	-1.69	0.16	22.52	7.09	-3.93
-0.48	-0.43	0.43	26.09	6.54	-4.52
-0.74	0.07	0.81	28.75	6.82	-4.60
-1.60	0.22	0.20	30.84	6.76	-4.62
-0.10	-0.24	-0.93	33.18	6.17	-4.60
0.34	-0.79	0.41	37.02	5.16	-4.69
0.81	-1.55	1.85	39.88	4.06	-5.43
2.59	-0.75	1.07	43.25	2.32	-6.12
-1.45	0.87	-1.68	45.57	1.27	-5.24
1.02	1.33	-1.23	48.14	0.65	-3.45
1.51	-0.65	-0.86	50.68	0.02	-2.33
-1.96	-3.14	-9.92	52.66	-1.78	-2.33
-4.00	-1.20	-4.94	55.47	-3.43	-2.22
-2.02	3.20	2.87	57.42	-3.82	-1.26
-1.73	-0.64	-2.00	60.66	-3.54	-0.09
2.79	-3.03	-0.42	63.61	-3.25	0.03
1.25	-1.90	1.29	66.32	-3.07	-0.37
-1.23	-0.95	2.79	67.59	-2.49	-0.27
0.55	-1.46	0.33	68.06	-1.73	0.09
0.98	-1.81	0.64	68.34	-1.54	0.11
0.82	-0.79	0.11	68.01	-1.99	0.08
-0.18	-0.11	-0.43	67.36	-2.18	0.46
0.54	-0.77	-0.01	66.74	-2.18	0.67
0.99	-1.09	-0.01	65.84	-2.28	0.64
0.77	-1.38	-0.28	64.70	-2.56	0.56
0.39	-0.54	-0.39	63.05	-2.71	0.81
0.19	0.03	-1.00	61.85	-2.54	1.19
0.85	-0.14	-1.31	60.04	-2.04	1.54
0.72	-0.72	-1.85	56.92	-1.64	0.90
-0.20	-1.41	-1.77	53.40	-1.48	-0.50
-0.97	-2.90	-1.00	49.44	-1.15	-2.37
-0.70	-2.11	1.46	48.35	-1.02	-2.86
-0.11	-0.25	1.75	45.24	-0.63	-4.06
-1.55	0.73	0.61	41.31	-0.05	-4.66
-1.19	-0.81	-1.00	37.72	0.62	-5.11
1.19	-2.73	1.18	31.36	0.23	-7.66
1.27	-1.96	2.26	29.12	-0.69	-8.68
-0.38	0.00	-0.41	25.35	-1.69	-8.44
-1.04	0.76	-1.25	21.59	-1.71	-6.54
-1.81	1.09	-1.60	19.18	-1.55	-5.68
0.57	-0.38	-0.15	16.87	-1.66	-5.32
0.93	0.10	-0.41	13.82	-2.31	-5.36
-0.32	1.35	-2.64	11.45	-2.53	-5.36
-0.91	1.71	-1.30	9.60	-2.21	-5.11
-1.12	0.45	-0.14	7.50	-1.34	-5.37
-1.11	-0.17	0.63	6.32	-0.58	-5.93
-0.85	0.42	-0.24	5.06	0.16	-6.73
-0.46	0.79	-0.66	4.43	0.44	-6.87
-1.08	0.68	0.16	3.75	0.75	-6.83
-0.97	0.27	0.51	3.18	1.22	-7.21
-0.95	0.12	0.79	2.96	1.52	-7.45
-0.93	0.21	0.55	2.78	1.80	-7.65
-0.64	0.18	0.71	2.77	1.93	-7.66
-0.52	0.24	0.56	2.82	2.01	-7.74
-0.46	0.29	0.45	2.97	1.98	-7.87
-0.32	0.28	0.21	3.13	1.96	-7.92
-0.25	0.29	0.17	3.42	2.04	-7.85
-0.42	0.50	0.13	3.78	2.24	-7.67
0.00	-0.07	0.01	3.98	2.34	-7.60
0.24	-0.12	0.16	4.19	2.38	-7.61
-0.01	0.39	-0.03	4.39	2.45	-7.52
0.04	0.23	0.05	4.53	2.52	-7.38
0.16	-0.05	-0.18	4.67	2.56	-7.34
0.12	-0.05	0.05	4.79	2.55	-7.31
0.14	0.05	-0.03	4.83	2.59	-7.28
-0.34	0.22	0.16	4.87	2.66	-7.19
-0.37	0.32	0.19	4.92	2.78	-7.06
0.18	-0.05	-0.04	4.92	2.70	-7.05
0.34	-0.21	-0.04	5.00	2.53	-7.09
-0.19	0.05	-0.07	5.06	2.44	-7.09
-0.26	0.13	0.08	5.07	2.49	-7.06
-0.15	-0.02	0.08	5.11	2.51	-7.09
-0.18	0.06	0.08	5.13	2.51	-7.11
-0.30	0.14	0.00	5.18	2.48	-7.14
-0.01	0.15	0.00	5.22	2.46	-7.18
-0.09	0.07	-0.11	5.29	2.42	-7.21
-0.08	0.11	-0.11	5.35	2.43	-7.23
-0.25	0.15	0.04	5.39	2.47	-7.24
-0.32	0.34	-0.07	5.57	2.61	-7.22
-0.41	0.72	-0.34	5.72	2.72	-7.20
-0.94	1.57	-0.79	5.91	2.81	-7.20
-0.58	0.30	0.01	6.66	3.12	-7.22
-1.40	0.43	1.13	7.89	3.85	-7.19
-2.34	1.87	0.52	9.53	4.70	-7.05
-1.93	-0.25	-1.44	11.85	5.00	-6.71
-0.13	-0.53	-0.42	14.12	4.79	-6.48
-0.28	-0.09	-0.26	18.49	4.91	-5.90
-0.25	0.55	0.62	21.90	5.88	-5.35
0.75	-0.76	0.86	24.00	6.37	-5.24
-0.00	-0.50	0.18	26.18	6.51	-5.55
0.25	-1.66	-0.28	27.68	6.59	-5.56
-0.57	1.26	0.41	30.03	7.09	-4.84
0.71	-1.24	1.09	31.72	7.66	-4.08
0.84	-0.29	0.43	32.92	7.47	-3.95
-0.90	0.24	0.49	34.05	7.05	-3.56
-0.37	-0.83	-0.28	35.44	6.84	-2.84
-1.60	2.75	-1.11	38.16	7.27	-1.21
1.74	-1.27	-0.33	40.74	8.06	0.34
1.18	-2.08	1.31	43.19	6.80	-0.27
0.91	-1.00	0.39	44.52	6.49	-1.00
0.40	-0.97	0.32	45.38	6.43	-0.92
0.43	-0.73	0.03	45.42	6.35	-0.84
0.84	-0.88	-0.37	45.44	5.91	-0.71
0.29	-0.35	-0.56	45.33	5.22	-0.51
-0.23	-0.07	-0.18	45.12	5.12	-0.28
-0.37	-0.11	0.32	44.84	5.41	-0.09
-0.19	-0.50	0.63	44.71	5.48	-0.13
0.16	-0.23	0.05	44.49	5.33	-0.29
-0.24	0.37	-0.36	44.40	5.23	-0.16
0.04	0.11	-0.36	44.36	5.38	0.03
0.15	-0.23	-0.14	44.36	5.38	0.01
0.05	-0.23	0.05	44.29	5.36	-0.06
-0.06	-0.04	-0.02	44.16	5.32	-0.02
-0.03	-0.07	-0.10	44.07	5.30	0.08
0.05	0.08	-0.02	44.02	5.28	0.25
-0.03	0.14	-0.14	43.95	5.27	0.45
-0.01	0.16	-0.21	43.82	5.22	0.57
-0.11	-0.07	-0.02	43.69	5.15	0.62
-0.14	0.08	0.17	43.52	5.06	0.64
-0.08	0.09	0.02	43.49	5.06	0.73
-0.02	0.22	-0.45	43.42	5.00	0.86
-0.05	0.07	0.09	43.37	4.92	1.00
-0.02	-0.15	0.13	43.37	4.93	0.94
-0.02	-0.20	0.09	43.37	4.90	0.94
-0.02	-0.04	0.05	43.37	4.90	1.01
-0.06	-0.02	-0.14	43.37	4.88	1.16
-0.06	0.13	-0.14	43.36	4.87	1.27
0.02	0.00	-0.18	43.37	4.87	1.37
0.02	0.03	-0.25	43.40	4.90	1.44
0.11	-0.12	-0.21	43.36	4.93	1.44
0.06	-0.20	-0.29	43.34	4.93	1.43
0.10	-0.20	-0.02	43.28	4.93	1.41
0.02	0.09	-0.10	43.20	4.93	1.47
0.04	0.11	0.05	43.16	4.96	1.59
-0.03	0.15	0.09	43.15	5.03	1.66
-0.14	0.11	0.09	43.05	5.04	1.63
-0.08	-0.07	0.48	43.02	5.03	1.62
