-0.35	0.11	0.20	37.55	-36.69	55.36
-0.29	0.04	0.23	37.63	-36.80	55.32
-0.26	-0.07	0.20	37.65	-36.84	55.31
-0.27	-0.09	0.20	37.70	-36.93	55.27
-0.12	-0.04	0.16	37.76	-37.00	55.24
-0.35	0.11	0.15	37.85	-37.03	55.20
-0.34	0.11	0.37	38.00	-37.00	55.13
-0.15	0.12	0.39	38.11	-36.96	55.06
0.04	0.12	0.43	38.16	-36.94	55.01
0.08	0.08	0.51	38.16	-36.94	55.00
0.12	-0.04	0.46	38.19	-36.92	54.97
0.13	-0.15	0.43	38.26	-36.88	54.89
0.21	-0.10	0.50	38.35	-36.82	54.79
0.21	-0.18	0.56	38.41	-36.78	54.71
0.39	-0.21	0.52	38.51	-36.69	54.56
0.43	-0.24	0.51	38.65	-36.54	54.32
0.45	-0.28	0.53	38.80	-36.34	54.06
0.18	-0.23	0.44	38.94	-36.15	53.85
-0.54	-0.16	0.07	39.18	-35.81	53.52
-0.75	-0.11	0.29	39.49	-35.40	53.15
0.01	-0.08	0.56	39.78	-35.09	52.68
0.24	-0.13	0.49	39.91	-34.94	52.14
0.30	-0.31	0.32	39.88	-34.90	51.83
0.40	-0.11	0.44	39.80	-34.76	51.56
0.18	0.34	0.61	39.71	-34.49	51.35
0.38	0.58	0.79	39.64	-34.13	51.08
0.52	0.70	0.98	39.59	-33.84	50.72
0.73	0.93	1.04	39.51	-33.65	50.51
0.68	0.96	0.98	39.34	-33.26	50.32
0.47	0.98	0.70	39.28	-33.14	50.33
0.45	0.68	0.74	39.07	-32.76	50.42
0.45	0.49	0.71	38.64	-32.25	50.73
0.50	0.30	0.47	38.17	-31.89	51.15
0.36	0.05	0.14	38.00	-31.78	51.32
0.37	-0.21	-0.16	37.46	-31.49	51.98
0.23	0.01	-0.72	36.98	-31.29	52.67
0.09	-0.34	-1.06	36.81	-31.24	52.92
0.18	-0.62	-0.94	36.34	-31.09	53.60
0.24	-0.87	-1.01	36.18	-31.02	53.79
0.18	-1.31	-1.18	36.07	-30.96	53.93
-0.14	-1.24	-1.55	36.03	-30.86	54.06
-0.08	-1.37	-1.77	36.15	-30.49	54.48
0.07	-1.12	-2.07	36.32	-30.16	54.85
-0.18	-0.33	-1.97	36.60	-29.69	55.35
-0.85	-0.03	-1.99	37.20	-28.60	56.34
-1.46	0.26	-2.06	37.88	-27.18	57.56
-1.25	0.87	-1.40	38.48	-25.91	58.70
-1.20	0.97	-1.07	39.52	-24.20	60.55
-1.18	0.88	-0.98	40.13	-23.47	61.46
-1.09	0.47	-0.82	40.94	-22.87	62.14
-1.07	-0.28	-0.83	41.79	-22.48	62.35
-1.18	-0.95	-0.70	42.67	-22.20	62.30
-1.04	-1.11	-0.62	43.89	-21.85	62.18
-0.61	-1.16	-0.37	45.01	-21.52	62.16
-0.21	-1.30	-0.06	46.00	-21.21	62.23
-0.12	-1.47	-0.14	46.98	-20.80	62.22
-0.80	-1.18	-0.57	48.43	-20.09	61.94
-1.01	-0.73	0.05	50.41	-18.93	61.39
-1.25	-0.88	0.70	52.72	-17.32	60.53
-1.64	-0.72	1.47	54.51	-15.86	59.36
-0.97	0.50	2.57	55.97	-14.70	58.08
-0.52	0.66	3.07	56.72	-14.09	57.27
-0.08	0.82	3.32	56.74	-13.93	57.13
0.78	1.11	3.24	56.69	-13.90	57.16
1.17	1.37	2.59	56.48	-13.82	57.42
1.25	2.00	1.93	56.18	-13.79	58.07
1.33	1.93	1.52	55.86	-13.81	58.81
1.25	1.05	0.93	55.40	-14.08	59.47
0.94	0.63	0.78	54.84	-14.66	59.59
1.03	0.47	0.75	54.23	-15.51	59.46
1.17	0.56	0.65	53.59	-16.32	59.48
1.37	0.62	-0.11	53.23	-16.72	59.56
1.09	0.80	-0.72	52.31	-17.69	59.81
0.97	0.62	-1.10	51.34	-18.77	60.06
0.77	0.07	-1.23	50.40	-20.03	60.00
0.76	-0.37	-1.16	49.59	-21.46	59.53
0.90	-0.65	-1.72	49.11	-22.64	59.03
0.63	-0.32	-2.43	48.86	-24.37	58.63
0.36	-0.14	-2.54	49.11	-24.99	58.68
0.18	-0.22	-2.88	49.94	-25.52	58.89
-0.01	-0.34	-3.02	51.49	-25.76	59.09
-0.06	-0.31	-3.15	53.17	-25.66	59.11
-0.66	-0.55	-3.02	53.83	-25.56	59.08
-0.84	-1.38	-2.43	56.13	-25.08	58.88
-0.48	-1.19	-1.29	59.57	-24.14	58.63
0.16	-0.54	0.45	62.34	-23.27	58.67
-0.73	-1.33	0.41	66.48	-21.84	58.81
-2.27	-0.43	1.61	70.63	-20.29	58.66
-2.62	0.00	2.46	75.25	-18.19	58.88
-4.63	-3.40	8.77	77.68	-16.96	59.31
-3.01	0.76	6.82	80.59	-15.28	60.18
-0.89	0.96	1.91	81.22	-14.57	61.38
-0.43	0.81	0.33	80.39	-15.20	61.87
0.01	0.33	-0.23	80.40	-15.35	61.70
0.21	-0.09	-0.50	80.52	-15.48	61.49
0.39	-0.08	-0.80	80.88	-15.67	61.16
0.36	0.15	-0.92	81.28	-15.74	61.09
0.51	0.45	-0.98	81.87	-15.79	61.16
0.36	0.24	-1.07	82.41	-15.78	61.26
0.23	-0.26	-0.99	83.31	-15.82	61.02
0.25	-0.45	-1.02	84.02	-15.92	60.47
0.18	-0.64	-0.80	84.28	-16.00	60.17
0.02	-0.55	-0.51	84.60	-16.20	59.76
-0.04	-0.57	-0.32	84.71	-16.33	59.65
-0.08	-0.55	-0.29	84.84	-16.52	59.57
-0.20	-0.44	-0.10	84.88	-16.59	59.55
-0.28	-0.27	0.39	84.97	-16.76	59.49
-0.40	-0.16	1.11	85.06	-16.98	59.41
-0.29	0.16	1.48	85.21	-17.25	59.27
-0.47	0.44	1.41	85.47	-17.50	59.23
-0.66	0.82	1.55	85.78	-17.74	59.26
-0.80	1.45	2.21	86.02	-18.01	59.37
-0.82	1.15	2.64	86.41	-18.65	59.68
-1.10	0.31	2.18	86.71	-19.09	59.85
-1.27	0.26	0.65	87.47	-20.13	60.42
-1.64	1.05	0.20	88.27	-22.06	61.95
-1.41	0.97	0.12	88.27	-24.07	63.61
-1.70	0.36	0.09	87.66	-26.07	64.77
-1.34	-0.50	-0.25	86.54	-28.31	65.44
-1.36	-0.77	-0.45	85.21	-30.13	65.84
-1.07	-0.90	-0.65	83.41	-32.09	66.28
-0.88	-0.43	-0.73	80.93	-34.22	66.93
-1.01	-0.30	-0.72	79.26	-35.48	67.32
-1.03	-0.06	-0.49	76.99	-37.02	67.56
-0.88	-0.40	-0.17	75.38	-37.98	67.48
-0.90	-1.00	-0.00	73.16	-39.15	67.23
-1.00	-1.08	-0.11	70.99	-40.18	67.10
-1.17	-1.39	-0.37	69.30	-40.89	67.35
-0.87	-2.32	-0.64	66.51	-41.96	68.28
-0.90	-2.54	-0.78	62.05	-43.40	70.60
-0.74	-2.70	-0.86	58.83	-44.25	72.66
-1.03	-2.67	-1.21	57.39	-44.57	73.67
-1.20	-2.09	-1.32	53.79	-45.20	76.32
-1.29	-1.67	-0.96	49.59	-45.59	79.49
-1.14	-2.66	-0.92	44.07	-45.59	83.51
-1.34	-3.04	-1.17	37.37	-44.88	88.07
-1.21	-3.00	-1.08	30.90	-43.47	92.51
-1.41	-1.87	-0.97	25.52	-41.53	96.44
-0.64	-0.58	-1.25	20.82	-38.95	100.01
-0.77	0.10	-1.53	16.88	-36.07	103.05
-0.79	0.75	-1.43	13.50	-32.42	105.49
-1.29	1.69	-1.75	11.86	-29.84	106.51
-0.72	2.45	-1.71	10.05	-26.07	107.39
-0.19	2.68	-1.90	9.14	-24.11	107.59
0.08	2.55	-1.84	8.09	-21.80	107.49
0.25	2.02	-1.80	7.58	-20.47	107.15
0.39	2.06	-1.89	7.34	-18.68	106.82
0.42	2.17	-1.79	7.38	-17.87	106.86
0.33	2.28	-1.74	7.53	-16.76	107.10
0.68	2.32	-1.44	7.69	-15.72	107.40
1.09	2.09	-1.01	7.78	-15.13	107.57
1.17	1.73	-0.89	7.94	-14.20	107.72
1.18	1.28	-0.80	8.09	-13.74	107.65
1.23	0.73	-0.61	8.27	-13.55	107.40
0.98	0.45	-0.38	8.45	-13.57	107.07
0.82	0.09	-0.31	8.63	-13.67	106.82
0.68	-0.18	-0.20	8.80	-13.76	106.63
0.64	-0.41	-0.01	8.95	-13.83	106.56
0.39	-0.48	0.11	9.09	-13.88	106.56
0.24	-0.51	0.25	9.38	-13.99	106.66
0.07	-0.50	0.23	9.50	-14.02	106.73
-0.09	-0.24	0.21	9.63	-13.98	106.82
-0.33	0.18	0.04	9.69	-13.81	106.93
-0.69	0.95	-0.23	9.77	-13.54	107.14
-0.47	1.42	-0.04	9.87	-13.18	107.54
-0.36	1.42	0.00	9.89	-12.81	107.99
-0.16	1.43	0.16	9.87	-12.65	108.20
0.20	1.13	0.54	9.85	-12.68	108.29
0.37	0.78	0.80	9.84	-12.86	108.30
0.51	0.61	0.91	9.80	-13.18	108.26
0.61	0.46	1.02	9.72	-13.45	108.24
0.66	0.43	0.98	9.52	-13.89	108.30
0.61	0.25	0.92	9.44	-14.05	108.33
0.50	-0.20	0.91	9.20	-14.38	108.36
0.52	-0.58	0.75	8.86	-14.72	108.27
0.29	-0.85	0.54	8.49	-15.04	108.12
0.07	-1.12	0.29	8.19	-15.28	107.96
0.00	-1.28	0.02	7.95	-15.43	107.83
-0.11	-1.29	-0.23	7.60	-15.51	107.61
-0.13	-1.29	-0.32	7.42	-15.46	107.46
-0.23	-1.03	-0.45	7.36	-15.41	107.39
-0.55	-0.56	-0.71	7.30	-15.24	107.23
-0.48	-0.05	-0.76	7.35	-14.76	107.04
-0.16	0.28	-0.68	7.43	-14.36	106.97
0.06	0.55	-0.66	7.53	-13.94	106.89
0.41	0.69	-0.41	7.73	-13.41	106.74
0.61	0.75	-0.39	7.92	-13.11	106.62
0.83	0.77	-0.30	8.10	-12.93	106.48
1.03	0.73	-0.35	8.19	-12.81	106.35
1.11	0.72	-0.35	8.18	-12.77	106.31
1.18	0.76	-0.34	8.17	-12.77	106.34
1.10	0.72	-0.37	8.18	-12.78	106.38
0.92	0.89	-0.43	8.20	-12.85	106.43
0.78	1.05	-0.45	8.24	-13.01	106.53
0.63	1.45	-0.26	8.27	-13.20	106.59
0.44	1.27	-0.11	8.29	-13.67	106.54
0.21	0.98	0.10	8.30	-14.18	106.38
0.31	0.73	0.23	8.26	-15.09	106.07
0.34	0.42	0.25	8.17	-16.24	105.66
0.32	0.33	0.18	8.08	-17.10	105.34
0.41	0.24	0.18	8.00	-17.71	105.12
0.39	0.23	0.03	7.88	-18.40	104.90
0.40	0.59	-0.16	7.54	-19.52	104.73
0.48	0.81	-0.41	7.35	-19.97	104.80
0.48	1.09	-0.64	7.15	-20.38	104.93
0.34	1.36	-0.88	6.90	-20.91	105.13
0.16	1.45	-0.92	6.63	-21.58	105.32
0.01	1.20	-0.90	6.30	-22.94	105.41
-0.08	0.88	-0.72	6.12	-24.40	105.37
-0.37	0.54	-0.68	6.07	-26.04	105.29
-0.43	0.45	-0.56	6.17	-29.19	105.16
-0.41	0.36	-0.39	6.29	-30.64	105.16
-0.67	0.58	-0.24	6.45	-31.81	105.20
-0.52	0.47	0.04	6.80	-33.72	105.28
-0.36	0.59	0.05	7.12	-35.44	105.33
-0.27	0.73	0.09	7.31	-36.39	105.29
-0.27	0.42	0.25	7.79	-38.48	104.99
-0.16	-0.14	0.42	8.26	-40.49	104.42
-0.09	-0.22	0.48	8.69	-42.42	103.83
0.10	-0.55	0.61	9.08	-43.96	103.44
-0.19	-0.39	0.25	9.69	-45.80	103.10
-0.02	-0.24	0.19	10.55	-47.53	102.78
-0.19	0.09	-0.06	11.24	-48.70	102.51
-0.37	-0.17	-0.04	12.52	-50.71	101.81
-0.32	0.04	-0.12	13.74	-52.42	100.89
-0.65	0.13	-0.27	14.36	-53.29	100.40
-0.70	0.03	-0.24	15.68	-55.00	99.40
-0.77	0.03	-0.13	16.90	-56.58	98.51
-0.64	0.01	-0.08	17.48	-57.33	98.07
-0.79	-0.01	-0.23	18.36	-58.48	97.40
-0.89	-0.30	-0.37	18.99	-59.25	96.89
-1.04	-0.41	-0.33	20.49	-60.90	95.61
-1.27	-0.50	-0.50	21.89	-62.19	94.49
-1.29	-0.68	-0.56	23.10	-63.12	93.59
-1.00	-0.54	-0.23	24.86	-64.18	92.40
-1.06	-0.58	0.34	26.94	-65.04	91.09
-1.12	-0.62	0.49	29.55	-65.72	89.25
-1.01	-0.57	0.65	31.90	-66.13	87.40
-0.79	-0.61	0.73	35.50	-66.60	84.49
-0.75	-0.70	0.67	37.41	-66.75	82.99
-0.39	-0.55	0.89	38.11	-66.77	82.47
-0.33	0.02	1.05	41.00	-66.58	80.60
-0.38	-0.06	1.00	44.19	-66.04	78.71
-0.46	0.07	0.68	45.73	-65.68	77.75
-0.06	0.23	0.67	47.60	-65.16	76.71
0.25	0.16	0.44	49.09	-64.63	76.05
-0.01	0.09	-0.02	50.90	-64.03	75.19
-0.26	-0.28	-0.55	52.76	-63.39	74.23
-0.37	-0.60	-0.84	54.59	-62.61	73.41
-0.28	-0.49	-0.55	56.41	-61.63	72.87
-0.46	-0.54	-0.26	58.28	-60.45	72.49
-0.53	-0.74	-0.09	60.27	-59.17	71.90
-0.83	-1.39	0.15	61.77	-58.17	71.20
-0.81	-1.81	0.13	63.72	-56.56	70.08
-0.86	-1.65	-0.01	64.30	-55.88	69.86
-0.32	-2.05	-0.44	64.88	-54.48	70.28
-0.32	-2.39	-1.02	64.96	-52.83	71.51
-1.04	-3.34	-1.86	65.13	-50.99	72.53
-1.39	-4.44	-2.51	65.63	-48.55	73.30
-1.66	-4.31	-2.77	66.62	-45.26	73.89
-2.73	-2.03	-3.66	68.11	-41.89	74.06
-3.48	-0.41	-3.87	70.19	-37.71	74.17
-10.49	1.03	5.11	72.79	-32.33	74.60
-2.82	7.67	7.51	75.73	-26.86	76.05
3.17	5.78	5.58	75.38	-23.45	79.63
-0.95	6.45	0.82	74.31	-21.71	81.00
-1.36	4.92	-1.08	74.12	-18.92	82.59
-0.15	3.94	-2.82	74.51	-17.18	83.64
0.37	3.12	-1.20	74.84	-15.85	84.68
0.74	2.59	0.11	75.09	-15.08	85.33
1.36	1.20	0.95	75.26	-14.44	85.95
1.08	0.00	0.98	75.40	-13.94	86.51
0.98	-0.10	0.57	75.65	-13.53	86.87
0.87	0.04	0.31	75.83	-13.20	87.24
0.83	0.34	-0.03	75.88	-13.09	87.37
0.76	0.40	-0.09	75.97	-12.77	87.77
0.78	0.65	0.12	76.00	-12.47	88.10
0.46	0.90	-0.12	76.01	-12.18	88.40
0.18	0.82	-0.48	75.97	-11.87	88.74
0.09	0.76	-0.65	75.91	-11.70	88.94
0.09	0.69	-0.60	75.84	-11.64	89.02
0.06	0.61	-0.52	75.81	-11.62	89.04
0.02	0.60	-0.55	75.64	-11.57	89.11
0.02	0.37	-0.53	75.50	-11.59	89.16
-0.08	0.07	-0.41	75.30	-11.67	89.24
-0.17	-0.00	-0.48	75.17	-11.74	89.26
-0.15	-0.31	-0.12	74.90	-11.87	89.32
-0.19	-0.32	0.16	74.66	-11.94	89.38
-0.24	-0.43	0.08	74.47	-11.96	89.48
-0.20	-0.47	0.14	74.18	-11.96	89.69
-0.12	-0.62	-0.26	74.11	-11.95	89.74
0.01	-0.48	-0.48	73.93	-11.93	89.88
0.05	-0.40	-0.57	73.72	-11.87	90.06
0.14	-0.22	-0.57	73.64	-11.84	90.13
0.17	0.08	-0.43	73.42	-11.71	90.34
0.20	0.38	-0.23	73.24	-11.57	90.55
0.29	0.30	-0.13	73.10	-11.45	90.73
0.29	0.38	-0.23	72.97	-11.38	90.86
0.29	0.38	-0.31	72.91	-11.35	90.92
0.29	0.42	-0.33	72.89	-11.35	90.96
0.14	0.41	-0.45	72.89	-11.34	90.98
0.07	0.26	-0.36	72.88	-11.33	91.02
-0.13	0.22	-0.27	72.89	-11.32	91.08
-0.22	0.26	-0.54	72.93	-11.38	91.12
-0.15	0.23	-0.46	72.96	-11.49	91.14
-0.10	0.03	-0.26	72.96	-11.59	91.14
-0.10	-0.54	-0.46	72.99	-11.73	91.10
-0.13	-0.69	-0.53	73.06	-11.93	91.08
0.02	-0.76	-0.62	73.10	-12.02	91.11
0.21	-0.91	-0.59	73.15	-12.11	91.27
0.32	-1.03	-0.51	73.18	-12.12	91.40
0.33	-1.07	-0.41	73.27	-12.09	91.63
0.46	-0.80	-0.31	73.44	-12.01	91.86
0.49	-0.50	0.01	73.82	-11.83	92.26
0.34	-0.00	-0.33	74.20	-11.68	92.51
0.22	-0.20	-0.66	74.84	-11.46	92.74
0.22	-0.36	-0.39	75.55	-11.18	92.78
0.16	-0.15	0.13	76.15	-10.92	92.73
-0.10	-0.08	0.27	77.00	-10.61	92.62
-0.31	-0.51	0.20	77.89	-10.40	92.43
-0.39	-0.43	-0.16	78.51	-10.32	92.20
-0.34	-0.23	-0.19	79.47	-10.39	91.66
-0.28	-0.23	-0.21	80.09	-10.63	91.02
-0.49	-0.50	-0.23	80.35	-10.82	90.56
-1.13	-1.02	-0.39	80.60	-11.01	90.03
-1.55	-1.97	0.39	81.03	-11.34	88.58
-1.34	-0.75	0.20	80.62	-11.23	87.84
-1.00	-0.54	-0.02	79.43	-10.83	87.88
-0.49	-0.48	-0.56	77.98	-10.40	88.54
-0.27	0.05	-0.45	76.65	-9.87	89.50
0.25	0.12	0.09	75.81	-9.49	90.14
0.56	-0.40	0.31	74.72	-8.97	90.45
0.72	-0.41	0.20	73.80	-8.47	89.88
0.89	-0.94	0.12	73.14	-8.08	88.84
0.63	-0.67	-0.19	72.56	-7.78	87.73
0.54	0.05	-0.38	71.73	-7.36	86.78
0.63	1.27	-0.70	71.20	-7.18	86.66
0.67	1.66	-0.77	69.36	-6.81	87.08
1.04	2.45	-0.98	68.92	-6.74	87.25
0.61	2.41	-1.45	67.55	-6.58	87.84
0.63	1.56	-1.32	65.23	-6.40	88.77
0.80	0.57	-1.09	63.85	-6.63	88.98
0.98	-0.41	-0.75	62.55	-7.21	88.89
0.85	-0.96	-0.70	61.43	-7.98	88.55
0.53	-1.41	-0.70	60.75	-8.63	88.14
0.33	-1.38	-0.65	60.21	-9.30	87.70
0.31	-0.98	-0.70	59.63	-10.02	87.38
0.48	-0.57	-0.61	59.04	-10.62	87.27
0.18	-0.30	-0.64	58.17	-11.26	87.22
-0.25	0.40	-0.85	57.68	-11.59	87.17
-0.21	0.53	-0.54	57.27	-11.88	87.34
0.04	0.34	-0.29	56.97	-12.15	87.52
0.11	0.31	-0.25	56.70	-12.45	87.60
0.01	0.14	-0.10	56.55	-12.69	87.61
-0.08	-0.12	-0.07	56.46	-12.92	87.59
-0.24	-0.29	0.02	56.35	-13.42	87.49
-0.29	-0.42	0.17	56.27	-13.92	87.33
-0.31	-0.66	0.29	56.19	-14.24	87.20
-0.27	-0.71	0.29	56.00	-14.77	86.97
-0.32	-0.63	0.18	55.72	-15.23	86.84
-0.20	-0.58	0.07	55.49	-15.47	86.86
-0.17	-0.43	0.13	55.17	-15.64	87.00
-0.06	-0.27	0.08	55.07	-15.66	87.06
-0.25	-0.16	-0.03	54.84	-15.69	87.22
-0.20	-0.05	0.09	54.51	-15.65	87.50
-0.13	-0.05	0.18	54.25	-15.62	87.68
-0.09	0.00	0.07	54.18	-15.62	87.73
0.02	-0.09	0.07	53.91	-15.63	87.87
0.18	-0.04	-0.03	53.51	-15.65	88.10
0.25	-0.01	-0.04	53.00	-15.66	88.43
0.19	0.07	-0.14	52.43	-15.65	88.82
0.04	-0.01	-0.11	51.97	-15.61	89.09
