0.41	-0.61	-0.62	66.28	17.42	16.28
0.31	-0.30	-0.98	66.51	20.22	16.82
0.54	-0.05	-0.74	66.66	22.09	17.28
-0.02	0.79	-0.49	66.71	22.91	17.45
-0.15	0.84	-0.46	66.79	24.64	17.69
-0.39	0.48	-0.32	66.79	25.10	17.72
-1.61	-0.12	0.27	66.78	26.47	17.68
-0.73	0.57	0.10	66.82	28.26	17.57
-0.45	-0.01	0.28	66.97	29.54	17.60
-0.30	0.41	0.30	67.11	31.24	17.70
-0.62	0.43	0.16	67.32	32.56	18.01
-0.59	0.76	0.42	67.51	33.77	18.39
-0.55	0.64	0.50	67.66	34.73	18.72
-0.24	0.03	0.54	67.74	35.31	18.88
-0.26	0.14	0.59	67.81	35.93	19.00
-0.29	0.32	0.62	67.85	36.23	19.11
-0.15	0.22	0.64	67.91	36.59	19.34
-0.12	0.32	0.60	68.00	36.89	19.60
-0.03	0.15	0.50	68.06	37.12	19.79
0.07	-0.05	0.41	68.09	37.20	19.86
-0.02	0.27	0.43	68.15	37.39	20.03
-0.12	0.37	0.45	68.21	37.55	20.22
-0.18	0.45	0.58	68.24	37.67	20.32
-0.28	0.49	0.71	68.25	37.81	20.35
-0.26	0.21	0.60	68.23	37.94	20.31
-0.43	0.15	0.44	68.19	38.05	20.20
-0.54	0.13	0.33	68.19	38.06	20.09
-0.69	0.05	0.30	68.25	37.80	19.87
-0.62	0.13	0.57	68.32	37.47	19.77
-0.63	0.41	0.71	68.40	36.72	19.67
-0.66	0.42	0.72	68.40	35.97	19.64
-0.27	0.34	1.01	68.39	35.64	19.64
-0.20	0.37	0.68	68.15	33.36	19.57
-0.19	0.58	0.50	67.97	31.90	19.47
-0.12	0.41	0.59	67.83	30.42	19.29
-0.21	0.21	1.08	67.64	28.78	19.03
0.22	0.09	0.79	67.57	28.33	18.96
0.16	-0.20	0.75	67.24	26.18	18.68
0.40	0.08	0.38	66.93	24.10	18.51
0.13	0.38	0.13	66.76	22.54	18.54
0.05	0.34	-0.36	66.61	21.00	18.63
0.05	0.15	-0.29	66.46	19.88	18.64
-0.18	0.09	-0.06	66.30	18.49	18.43
0.02	-0.09	0.25	66.21	17.50	18.21
0.06	0.06	0.10	66.05	15.85	17.95
-0.08	0.05	-0.08	65.91	14.53	17.87
-0.20	-0.02	-0.28	65.87	14.24	17.85
-0.11	0.13	-0.23	65.81	13.53	17.81
-0.20	0.11	-0.24	65.63	11.56	17.63
-0.11	0.12	-0.08	65.55	10.44	17.48
-0.02	0.06	-0.17	65.46	9.47	17.34
0.00	-0.06	-0.14	65.33	8.23	17.23
0.16	-0.17	-0.24	65.28	7.85	17.19
0.07	0.09	-0.23	65.19	6.95	17.13
0.05	0.18	-0.21	65.12	5.81	17.08
-0.05	0.14	-0.53	65.06	4.64	17.05
-0.20	-0.23	-0.58	65.00	3.80	17.00
-0.24	-0.29	-0.37	64.94	2.48	16.85
0.04	-0.31	-0.11	64.93	1.91	16.78
0.12	-0.08	-0.07	64.91	1.02	16.71
-0.14	0.06	-0.49	64.85	-0.37	16.73
-0.18	-0.04	-0.45	64.80	-1.18	16.72
-0.24	-0.09	-0.34	64.78	-1.83	16.61
-0.11	-0.14	0.08	64.75	-2.89	16.42
0.09	-0.18	0.21	64.70	-4.01	16.34
-0.16	-0.29	-0.09	64.61	-5.01	16.37
-0.34	-0.17	-0.41	64.56	-5.72	16.39
-0.01	0.04	-0.09	64.52	-6.51	16.36
-0.17	-0.13	0.01	64.50	-7.51	16.29
-0.27	-0.17	0.18	64.47	-8.21	16.24
-0.11	-0.14	-0.06	64.37	-9.42	16.27
-0.59	-0.02	-0.34	64.33	-10.09	16.32
-0.13	-0.14	0.13	64.30	-10.89	16.33
-0.27	-0.14	-0.30	64.25	-12.67	16.31
-0.30	-0.05	-0.23	64.23	-13.31	16.32
0.15	-0.14	0.32	64.25	-14.22	16.22
0.19	-0.21	0.36	64.24	-14.94	16.15
0.03	-0.21	0.02	64.22	-15.42	16.15
0.13	-0.13	-0.17	64.17	-15.95	16.20
-0.09	-0.33	-0.44	64.10	-16.61	16.30
-0.17	-0.32	-0.65	64.07	-17.09	16.34
-0.19	-0.28	-0.71	64.06	-17.41	16.35
0.04	-0.11	-0.21	64.07	-17.71	16.34
0.19	-0.25	-0.11	64.05	-18.40	16.29
0.45	-0.18	0.11	63.98	-19.07	16.27
0.20	-0.27	-0.30	63.88	-19.48	16.35
0.02	-0.05	-0.38	63.80	-19.54	16.44
-0.17	-0.28	-0.39	63.74	-19.44	16.52
-0.11	-0.23	-0.29	63.64	-19.18	16.61
0.13	-0.09	-0.08	63.60	-18.85	16.69
0.42	-0.03	0.21	63.60	-18.45	16.77
-0.03	-0.20	-0.39	63.62	-17.97	16.82
-0.25	-0.06	-0.75	63.65	-17.23	16.85
-0.18	-0.25	-0.06	63.73	-16.19	16.83
-0.06	-0.34	0.21	63.82	-15.15	16.75
0.11	0.02	0.32	63.88	-14.29	16.76
-0.08	0.29	0.03	63.92	-13.37	16.87
0.09	0.09	-0.62	63.96	-12.07	17.00
-0.95	-0.03	-0.41	64.01	-11.05	16.98
-0.63	-0.13	0.15	64.20	-9.65	16.61
-0.07	-0.32	0.45	64.36	-8.97	16.37
0.11	-0.13	0.45	64.50	-8.46	16.32
0.43	0.42	0.34	64.62	-7.83	16.60
0.37	0.13	-0.21	64.72	-6.81	17.06
-0.20	-0.22	-0.68	64.79	-5.98	17.20
-0.45	-0.19	-0.36	64.87	-5.04	17.16
-0.23	-0.22	-0.03	65.03	-3.82	16.97
-0.18	-0.12	0.20	65.16	-2.87	16.92
0.19	-0.20	0.06	65.23	-2.07	17.09
0.16	-0.04	-0.19	65.33	-0.92	17.50
-0.04	0.21	-0.70	65.46	0.18	17.83
-0.21	0.19	-0.81	65.67	1.60	18.12
-0.10	0.31	-0.57	65.89	2.88	18.20
-0.16	0.13	-0.05	66.11	3.99	18.14
0.05	0.16	0.47	66.40	5.59	17.95
0.07	0.20	0.09	66.62	6.94	17.87
0.07	0.09	-0.20	67.02	9.19	17.90
0.05	0.09	-0.61	67.18	9.91	17.93
-0.30	0.11	-0.62	67.57	11.49	17.95
-0.44	0.23	-0.36	67.72	12.01	17.95
-0.34	0.24	0.07	68.09	13.23	17.94
-0.23	0.10	0.43	68.36	14.15	17.94
-0.16	0.18	0.34	68.64	15.31	18.00
-0.06	0.21	0.28	68.80	16.06	18.09
-0.19	0.29	0.29	68.98	16.82	18.18
-0.07	0.19	0.32	69.22	17.73	18.23
-0.12	0.11	0.22	69.34	18.18	18.24
-0.13	0.06	0.20	69.49	18.66	18.29
-0.07	0.05	0.15	69.61	19.01	18.38
-0.01	0.09	0.16	69.65	19.12	18.42
0.01	0.03	0.11	69.75	19.39	18.52
-0.04	0.09	0.14	69.94	19.87	18.71
-0.12	0.08	0.10	70.02	20.08	18.80
-0.18	0.00	0.11	70.23	20.62	18.95
-0.23	0.09	0.17	70.35	20.87	18.98
-0.12	0.08	0.40	70.46	21.09	19.01
-0.11	0.06	0.45	70.55	21.20	19.05
-0.07	0.17	0.42	70.63	21.23	19.12
0.03	0.00	0.27	70.69	21.22	19.19
0.06	-0.01	0.27	70.75	21.18	19.28
0.13	-0.06	0.19	70.78	21.16	19.32
0.09	0.16	0.11	70.81	21.12	19.37
0.01	0.16	0.11	70.86	21.07	19.45
0.05	0.12	0.07	70.87	21.07	19.46
0.01	0.04	0.08	70.88	21.07	19.47
-0.07	0.05	0.04	70.89	21.07	19.45
-0.02	-0.03	0.00	70.90	21.07	19.44
-0.02	-0.14	-0.04	70.91	21.08	19.43
0.02	0.01	0.04	70.91	21.08	19.43
-0.02	0.20	-0.04	70.92	21.07	19.47
0.02	0.19	0.01	70.92	21.07	19.48
-0.02	0.08	0.01	70.91	21.07	19.49
-0.02	0.08	0.01	70.89	21.07	19.48
-0.09	0.12	0.04	70.88	21.08	19.48
-0.05	0.05	0.01	70.85	21.09	19.47
-0.05	0.09	0.00	70.80	21.10	19.46
-0.02	0.20	0.00	70.77	21.10	19.47
-0.13	0.39	0.08	70.74	21.11	19.47
