0.29	0.69	0.29	8.32	57.02	91.50
0.22	0.64	0.25	8.72	57.98	92.36
0.20	0.73	0.15	9.07	58.58	92.93
0.13	0.77	0.05	9.22	58.79	93.15
0.09	0.81	-0.15	9.71	59.40	93.85
0.14	0.89	-0.31	10.25	59.93	94.55
0.15	0.89	-0.48	10.84	60.44	95.27
-0.03	0.80	-0.70	11.46	60.94	95.98
-0.32	0.71	-0.80	12.51	61.74	97.02
-0.40	1.02	-1.03	13.37	62.31	97.74
-0.13	1.64	-0.93	14.05	62.78	98.22
0.39	2.71	-0.07	14.73	63.41	98.60
0.32	2.66	-0.20	15.60	64.07	99.03
0.18	2.60	-0.36	16.88	64.53	99.77
0.59	3.46	-0.13	18.29	64.71	100.67
0.33	4.09	-0.61	20.11	64.48	101.89
0.18	4.26	-0.65	21.24	63.88	102.73
0.11	3.78	-0.80	21.74	63.47	103.11
0.34	3.40	-0.77	22.49	62.45	103.62
0.02	3.31	-0.68	23.01	61.11	103.82
-0.59	3.24	-0.98	23.37	59.75	103.86
-1.57	2.81	-1.52	23.76	58.14	103.83
-1.48	2.75	-1.34	24.12	56.25	103.68
-1.68	1.95	-1.27	24.09	54.79	103.33
-1.34	1.06	-0.86	23.94	52.58	102.61
-1.42	0.74	-0.87	23.81	50.58	101.90
-1.14	0.12	-0.64	23.81	50.00	101.71
-1.06	-0.79	-0.59	23.92	48.21	101.16
-0.80	-1.55	-0.40	24.30	45.67	100.45
-0.62	-2.35	-0.27	24.82	43.15	99.64
-0.40	-2.65	-0.04	25.23	41.29	98.98
-0.31	-3.09	-0.00	25.63	39.52	98.38
-0.41	-3.07	-0.28	26.12	37.45	97.88
-0.32	-3.03	-0.55	26.64	35.69	97.67
-0.11	-2.97	-0.51	27.05	34.25	97.53
0.43	-2.69	-0.19	27.29	33.26	97.39
0.48	-2.46	0.26	27.48	32.36	97.13
0.30	-2.58	0.34	27.80	31.34	96.55
-0.62	-2.93	0.20	27.98	30.97	96.25
-0.82	-3.04	0.12	28.40	30.34	95.68
-1.70	-3.22	-0.29	28.54	30.16	95.53
-2.22	-3.16	-0.77	28.82	29.87	95.26
-2.40	-2.88	-0.97	29.09	29.75	95.10
-2.31	-2.62	-1.00	29.11	29.97	95.13
-1.99	-2.52	-0.85	29.00	30.43	95.21
-1.49	-2.20	-0.55	28.74	31.43	95.45
-1.07	-2.30	-0.41	28.50	32.46	95.74
-0.80	-2.43	-0.40	28.29	33.57	95.96
-0.55	-2.87	-0.36	28.13	34.56	96.04
-0.53	-3.17	-0.57	28.05	35.22	96.10
-0.61	-3.00	-0.71	27.90	36.57	96.51
-0.75	-2.46	-0.65	27.83	37.45	97.01
-1.00	-1.57	-0.60	27.75	38.64	97.92
-0.89	-1.35	-0.48	27.71	40.21	99.09
-0.94	-1.08	-0.48	27.73	41.65	99.93
-1.02	-0.97	-0.50	27.79	42.98	100.58
-0.99	-0.55	-0.48	27.83	43.90	101.00
-0.78	0.31	-0.35	27.85	45.14	101.52
-0.35	1.08	-0.41	27.84	46.86	102.19
0.05	1.66	-0.33	27.77	49.05	102.89
0.01	2.16	-0.45	27.64	50.89	103.38
-0.13	2.92	-0.61	27.48	52.69	103.84
-0.02	3.18	-0.59	27.30	53.91	104.14
0.17	3.14	-0.66	26.85	55.46	104.39
0.04	2.79	-0.89	26.50	56.36	104.48
0.10	2.28	-0.93	26.26	56.77	104.47
-0.41	2.45	-1.43	25.76	57.30	104.33
0.41	2.77	-1.12	24.86	57.79	104.03
1.30	2.37	-0.20	24.31	57.95	103.93
1.54	2.22	0.06	23.68	58.06	103.97
1.51	2.36	0.10	23.63	57.93	104.39
1.88	1.95	0.21	23.96	57.65	104.95
1.93	1.90	0.21	24.60	57.04	105.71
2.28	1.91	0.41	24.74	56.86	105.85
1.80	1.77	0.39	25.07	56.29	106.01
1.72	1.33	0.54	25.59	55.46	105.82
1.68	0.87	0.59	26.02	54.79	105.32
1.72	0.02	0.82	26.30	54.34	104.84
1.70	-0.22	0.81	26.60	53.88	104.31
1.53	-0.63	0.88	26.77	53.62	104.02
1.35	-1.01	0.91	27.22	52.93	103.32
0.76	-0.91	0.71	27.68	52.25	102.89
0.29	-0.58	0.61	28.15	51.60	102.74
0.12	-0.18	0.61	28.68	50.76	102.74
-0.26	0.09	0.48	28.92	50.36	102.73
-0.35	0.06	0.44	29.16	49.98	102.69
-0.65	0.14	0.37	29.39	49.62	102.64
-0.77	0.09	0.41	29.60	49.27	102.56
-0.93	0.30	0.48	29.72	49.08	102.54
-1.55	0.83	0.51	29.97	48.69	102.51
-2.23	1.21	0.52	30.44	48.06	102.56
-2.79	1.70	0.36	30.91	47.51	102.63
-3.48	2.05	0.09	31.37	47.04	102.63
-3.79	1.75	-0.07	31.89	46.55	102.52
-3.77	1.57	-0.18	32.12	46.33	102.46
-3.66	1.34	-0.16	32.27	46.05	102.45
-3.27	1.47	0.00	32.26	45.66	102.56
-3.18	1.77	-0.05	32.12	44.97	102.97
-3.20	1.85	-0.46	32.10	44.39	103.44
-3.09	1.97	-0.79	32.18	43.82	104.05
-2.87	1.99	-0.86	32.23	43.50	104.61
-2.67	1.82	-0.77	32.19	43.47	104.88
-2.46	1.93	-0.82	32.09	43.64	104.97
-2.05	1.59	-0.76	31.94	44.01	104.97
-1.68	1.32	-0.59	31.81	44.56	104.89
-1.35	1.16	-0.72	31.75	44.99	104.81
-1.32	1.26	-0.73	31.75	45.52	104.64
-1.28	1.10	-0.80	31.80	45.84	104.50
-0.57	0.85	-0.71	31.88	46.29	104.27
-0.09	0.55	-0.45	32.00	47.22	103.71
0.31	0.29	-0.40	32.10	47.86	103.28
0.98	-0.07	-0.07	32.14	48.07	103.13
2.02	-0.74	0.25	32.26	48.52	102.73
2.36	-1.02	0.33	32.61	49.07	102.12
3.72	-1.57	0.70	32.71	49.15	101.99
4.38	-1.91	0.89	33.31	49.12	101.58
4.73	-2.40	1.00	33.75	48.82	101.45
5.08	-3.01	1.22	34.41	48.28	101.29
4.92	-3.19	1.09	35.36	47.48	100.99
4.21	-3.34	0.77	36.14	46.72	100.70
3.10	-3.12	0.18	37.31	45.62	100.43
2.14	-2.81	-0.14	38.41	44.39	100.48
1.00	-2.12	-0.23	39.04	43.44	100.73
-0.07	-1.31	-0.49	39.81	41.74	101.10
-1.31	-0.89	-0.84	40.32	40.32	101.08
-2.15	-0.63	-0.98	40.66	39.18	100.76
-3.07	-0.40	-1.27	40.78	38.72	100.47
-2.68	-0.54	-1.00	40.76	38.26	99.85
-1.90	-0.88	-0.47	40.41	38.24	99.43
-0.90	-1.14	0.18	39.89	38.37	99.24
-0.25	-1.16	0.26	39.46	38.41	99.43
0.15	-0.68	-0.16	38.98	38.20	100.05
0.52	-0.39	-0.45	38.44	37.80	100.88
1.05	-0.09	-0.35	37.87	37.40	101.63
1.55	-0.07	0.35	37.26	37.15	102.05
1.77	-0.02	0.75	36.40	36.87	102.31
1.45	-0.05	0.92	35.97	36.55	102.36
0.84	0.08	0.37	35.98	36.22	102.38
0.01	0.21	-0.07	36.44	35.40	102.53
-2.12	2.07	-0.98	36.66	35.07	102.57
-4.79	3.47	-2.48	37.08	34.40	102.50
-6.90	4.14	-4.21	37.39	34.06	102.20
-5.16	3.59	-3.62	37.32	34.28	101.46
-0.02	1.23	-0.75	36.83	34.80	100.90
2.42	-1.06	2.27	35.78	35.57	100.54
2.82	-0.27	2.16	34.82	35.54	100.66
2.21	-0.11	1.43	35.00	34.72	100.98
2.15	0.00	1.39	35.78	33.03	101.64
1.07	0.08	0.61	36.11	32.51	101.86
0.55	-0.62	0.28	36.85	31.37	102.25
0.41	-0.41	0.10	37.89	29.88	102.22
-0.66	-1.35	-0.68	38.57	29.14	101.85
-0.48	-1.99	-0.29	39.39	28.17	100.88
-0.30	-1.70	0.16	39.29	28.05	100.64
-0.08	-1.43	0.28	38.94	27.97	100.79
0.59	-0.96	0.70	38.69	27.89	100.95
